0
1
101
102
103
203
303
403
503
603
703
803
903
1003
1103
1203
1303
1304
1305
1306
1307
1308
1309
1209
1109
1110
1111
1211
1311
1411
1511
1611
1711
1811
1911
1910
1909
1908
1907
2007
2107
2108
2109
2209
2309
2308
2307
2407
2507
2607
2608
2609
2709
2710
2711
2811
2911
2912
2913
2914
2915
3015
3115
3215
3315
3316
3317
3318
3319
3219
3119
3120
3121
3021
2921
2922
2923
3023
3123
3124
3125
3025
2925
2825
2725
2625
2525
2526
2527
2627
2727
2728
2729
2629
2630
2631
2632
2732
2733
2734
2735
2736
2737
2738
2739
2740
2741
2841
2941
2942
2943
2944
2945
3045
3145
3146
3147
3047
2947
2847
2747
2647
2547
2447
2347
2247
2147
2148
2149
2049
1949
1950
1951
1952
1953
2053
2153
2154
2155
2255
2355
2356
2357
2257
2157
2158
2159
2160
2161
2261
2361
2461
2561
2562
2563
2663
